0 0.355591 0.705892 0.052979 0.038737
0 0.444580 0.570964 0.020996 0.028646
0 0.464111 0.540202 0.005859 0.010091
0 0.471680 0.526042 0.004883 0.005208
0 0.596069 0.580729 0.039307 0.027995
0 0.547119 0.545085 0.015625 0.011393
0 0.528931 0.530273 0.006592 0.006510
0 0.586426 0.534505 0.014160 0.005859
0 0.633057 0.551270 0.027832 0.011393
0 0.292969 0.563314 0.068848 0.026367
0 0.381348 0.533040 0.020996 0.008138
0 0.418335 0.521647 0.017822 0.007487
0 0.284180 0.544271 0.042480 0.016927
0 0.395874 0.551595 0.033936 0.016602
0 0.511353 0.558431 0.026611 0.015299
0 0.633911 0.566243 0.041748 0.020508
0 0.498047 0.521973 0.006836 0.006836
0 0.451416 0.520020 0.010742 0.004232
